    1  1.000000000000  0.000000000000
    2  0.990392640202 -0.001014111294
    3  0.961939766256 -0.003949194658
    4  0.915734806151 -0.008509540054
    5  0.853553390593 -0.014273845967
    6  0.777785116510 -0.020759203178
    7  0.691341716183 -0.027453798902
    8  0.597545161008 -0.033811467015
    9  0.500000000000 -0.039232689000
   10  0.402454838992 -0.043072994872
   11  0.308658283817 -0.044708220194
   12  0.222214883490 -0.043651007565
   13  0.146446609407 -0.039674030206
   14  0.084265193849 -0.032876801805
   15  0.038060233744 -0.023648823392
   16  0.009607359798 -0.012527272917
   17  0.000000000000  0.000000000000
   18  0.009607359798  0.012527272917
   19  0.038060233744  0.023648823392
   20  0.084265193849  0.032876801805
   21  0.146446609407  0.039674030206
   22  0.222214883490  0.043651007565
   23  0.308658283817  0.044708220194
   24  0.402454838992  0.043072994872
   25  0.500000000000  0.039232689000
   26  0.597545161008  0.033811467015
   27  0.691341716183  0.027453798902
   28  0.777785116510  0.020759203178
   29  0.853553390593  0.014273845967
   30  0.915734806151  0.008509540054
   31  0.961939766256  0.003949194658
   32  0.990392640202  0.001014111294
   33  1.000000000000 -0.000000000000
