    1  1.000000000000  0.000000000000
    2  0.999847991707 -0.000011231841
    3  0.999392064212 -0.000044912423
    4  0.998632509578 -0.000100997026
    5  0.997569814282 -0.000179411455
    6  0.996204658767 -0.000280052550
    7  0.994537916822 -0.000402788879
    8  0.992570654791 -0.000547461624
    9  0.990304130608 -0.000713885631
   10  0.987739792663 -0.000901850620
   11  0.984879278513 -0.001111122538
   12  0.981724413426 -0.001341445030
   13  0.978277208775 -0.001592541011
   14  0.974539860284 -0.001864114326
   15  0.970514746130 -0.002155851455
   16  0.966204424907 -0.002467423259
   17  0.961611633461 -0.002798486733
   18  0.956739284598 -0.003148686733
   19  0.951590464673 -0.003517657674
   20  0.946168431067 -0.003905025144
   21  0.940476609558 -0.004310407432
   22  0.934518591586 -0.004733416939
   23  0.928298131431 -0.005173661446
   24  0.921819143291 -0.005630745215
   25  0.915085698287 -0.006104269913
   26  0.908102021376 -0.006593835332
   27  0.900872488199 -0.007099039893
   28  0.893401621851 -0.007619480914
   29  0.885694089586 -0.008154754646
   30  0.877754699462 -0.008704456045
   31  0.869588396916 -0.009268178301
   32  0.861200261286 -0.009845512099
   33  0.852595502280 -0.010436044629
   34  0.843779456384 -0.011039358335
   35  0.834757583219 -0.011655029428
   36  0.825535461851 -0.012282626149
   37  0.816118787041 -0.012921706818
   38  0.806513365457 -0.013571817675
   39  0.796725111825 -0.014232490533
   40  0.786760045042 -0.014903240261
   41  0.776624284233 -0.015583562132
   42  0.766324044764 -0.016272929058
   43  0.755865634211 -0.016970788734
   44  0.745255448275 -0.017676560737
   45  0.734499966661 -0.018389633598
   46  0.723605748905 -0.019109361895
   47  0.712579430167 -0.019835063384
   48  0.701427716976 -0.020566016227
   49  0.690157382939 -0.021301456328
   50  0.678775264415 -0.022040574838
   51  0.667288256156 -0.022782515840
   52  0.655703306917 -0.023526374264
   53  0.644027415039 -0.024271194065
   54  0.632267624013 -0.025015966687
   55  0.620431018027 -0.025759629847
   56  0.608524717497 -0.026501066673
   57  0.596555874592 -0.027239105210
   58  0.584531668765 -0.027972518322
   59  0.572459302277 -0.028700024008
   60  0.560345995739 -0.029420286151
   61  0.548198983674 -0.030131915703
   62  0.536025510092 -0.030833472321
   63  0.523832824110 -0.031523466461
   64  0.511628175594 -0.032200361920
   65  0.499418810853 -0.032862578827
   66  0.487211968380 -0.033508497081
   67  0.475014874651 -0.034136460211
   68  0.462834739974 -0.034744779650
   69  0.450678754422 -0.035331739402
   70  0.438554083817 -0.035895601071
   71  0.426467865805 -0.036434609231
   72  0.414427206000 -0.036946997100
   73  0.402439174212 -0.037430992484
   74  0.390587576497 -0.037891025888
   75  0.378823022783 -0.038338123359
   76  0.367132554908 -0.038770582898
   77  0.355522738284 -0.039186271244
   78  0.344000078836 -0.039583041527
   79  0.332571021075 -0.039958741191
   80  0.321241946291 -0.040311219947
   81  0.310019170895 -0.040638337703
   82  0.298908944874 -0.040937972400
   83  0.287917450346 -0.041208027732
   84  0.277050800214 -0.041446440662
   85  0.266315036887 -0.041651188715
   86  0.255716131062 -0.041820296969
   87  0.245259980550 -0.041951844726
   88  0.234952409113 -0.042043971794
   89  0.224799165317 -0.042094884355
   90  0.214805921363 -0.042102860375
   91  0.204978271887 -0.042066254517
   92  0.195321732711 -0.041983502540
   93  0.185841739526 -0.041853125147
   94  0.176543646491 -0.041673731264
   95  0.167432724734 -0.041444020734
   96  0.158514160742 -0.041162786419
   97  0.149793054626 -0.040828915688
   98  0.141274418249 -0.040441391316
   99  0.132963173221 -0.039999291760
  100  0.124864148727 -0.039501790864
  101  0.116982079221 -0.038948156963
  102  0.109321601950 -0.038337751435
  103  0.101887254325 -0.037670026712
  104  0.094683471144 -0.036944523769
  105  0.087714581660 -0.036160869135
  106  0.080984806512 -0.035318771455
  107  0.074498254516 -0.034418017638
  108  0.068258919346 -0.033458468634
  109  0.062270676099 -0.032440054892
  110  0.056537277769 -0.031362771529
  111  0.051062351650 -0.030226673278
  112  0.045849395677 -0.029031869248
  113  0.040901774735 -0.027778517558
  114  0.036222716950 -0.026466819898
  115  0.031815309990 -0.025097016056
  116  0.027682497392 -0.023669378486
  117  0.023827074943 -0.022184206945
  118  0.020251687141 -0.020641823268
  119  0.016958823748 -0.019042566319
  120  0.013950816473 -0.017386787171
  121  0.011229835795 -0.015674844562
  122  0.008797887950 -0.013907100658
  123  0.006656812107 -0.012083917183
  124  0.004808277750 -0.010205651932
  125  0.003253782273 -0.008272655708
  126  0.001994648823 -0.006285269718
  127  0.001032024381 -0.004243823439
  128  0.000366878116 -0.002148632988
  129  0.000000000000  0.000000000000
  130 -0.000065696812  0.002178745449
  131  0.000172519414  0.004364187136
  132  0.000714894499  0.006555765199
  133  0.001561491054  0.008752733862
  134  0.002712187651  0.010954163634
  135  0.004166677928  0.013158944441
  136  0.005924469661  0.015365789680
  137  0.007984883802  0.017573241181
  138  0.010347053488  0.019779675012
  139  0.013009923058  0.021983308138
  140  0.015972247064  0.024182205850
  141  0.019232589325  0.026374289954
  142  0.022789322015  0.028557347642
  143  0.026640624827  0.030729041018
  144  0.030784484215  0.032886917201
  145  0.035218692754  0.035028418959
  146  0.039940848620  0.037150895802
  147  0.044948355227  0.039251615476
  148  0.050238421035  0.041327775794
  149  0.055808059553  0.043376516719
  150  0.061654089545  0.045394932656
  151  0.067773135484  0.047380084862
  152  0.074161628238  0.049329013917
  153  0.080815806037  0.051238752182
  154  0.087731715704  0.053106336179
  155  0.094905214195  0.054928818835
  156  0.102331970424  0.056703281504
  157  0.110007467416  0.058426845734
  158  0.117927004767  0.060096684700
  159  0.126085701424  0.061710034259
  160  0.134478498799  0.063264203567
  161  0.143100164188  0.064756585218
  162  0.151945294521  0.066184664860
  163  0.161008320419  0.067546030240
  164  0.170283510555  0.068838379664
  165  0.179764976310  0.070059529814
  166  0.189446676708  0.071207422926
  167  0.199322423621  0.072280133293
  168  0.209385887219  0.073275873079
  169  0.219630601663  0.074192997442
  170  0.230049971000  0.075030008961
  171  0.240637275257  0.075785561356
  172  0.251385676708  0.076458462531
  173  0.262288226287  0.077047676917
  174  0.273337870131  0.077552327169
  175  0.284527456223  0.077971695198
  176  0.295849741121  0.078305222589
  177  0.307297396740  0.078552510424
  178  0.318863017175  0.078713318528
  179  0.330539125533  0.078787564193
  180  0.342318180765  0.078775320396
  181  0.354192584462  0.078676813560
  182  0.366154687617  0.078492420897
  183  0.378196797314  0.078222667367
  184  0.390311183347  0.077868222302
  185  0.402470503772  0.077430322903
  186  0.414610905240  0.076923574547
  187  0.426801659740  0.076355785832
  188  0.439035240984  0.075728375978
  189  0.451304105249  0.075042836522
  190  0.463600696426  0.074300726328
  191  0.475917451022  0.073503666685
  192  0.488246803097  0.072653336512
  193  0.500581189147  0.071751467716
  194  0.512913052929  0.070799840717
  195  0.525234850217  0.069800280173
  196  0.537539053507  0.068754650919
  197  0.549818156656  0.067664854149
  198  0.562064679460  0.066532823832
  199  0.574271172179  0.065360523399
  200  0.586430219995  0.064149942685
  201  0.598534447424  0.062903095139
  202  0.610576522660  0.061622015298
  203  0.622549161876  0.060308756519
  204  0.634445133462  0.058965388965
  205  0.646257262216  0.057593997822
  206  0.657978433482  0.056196681752
  207  0.669601597236  0.054775551543
  208  0.681119772120  0.053332728951
  209  0.692526049426  0.051870345707
  210  0.703813597029  0.050390542666
  211  0.714975663263  0.048895469071
  212  0.726005580749  0.047387281906
  213  0.736896770165  0.045868145315
  214  0.747642743954  0.044340230048
  215  0.758237109982  0.042805712921
  216  0.768673575123  0.041266776245
  217  0.778945948787  0.039725607215
  218  0.789048146376  0.038184397209
  219  0.798974192667  0.036645341001
  220  0.808718225124  0.035110635834
  221  0.818274497122  0.033582480355
  222  0.827637381103  0.032063073372
  223  0.836801371628  0.030554612435
  224  0.845761088353  0.029059292204
  225  0.854511278906  0.027579302615
  226  0.863046821666  0.026116826811
  227  0.871362728439  0.024674038848
  228  0.879454147044  0.023253101161
  229  0.887316363776  0.021856161802
  230  0.894944805776  0.020485351442
  231  0.902335043282  0.019142780136
  232  0.909482791776  0.017830533889
  233  0.916383914016  0.016550670993
  234  0.923034421958  0.015305218192
  235  0.929430478569  0.014096166657
  236  0.935568399522  0.012925467813
  237  0.941444654790  0.011795029036
  238  0.947055870128  0.010706709235
  239  0.952398828451  0.009662314359
  240  0.957470471106  0.008663592853
  241  0.962267899051  0.007712231077
  242  0.966788373928  0.006809848753
  243  0.971029319053  0.005957994434
  244  0.974988320309  0.005158141049
  245  0.978663126957  0.004411681555
  246  0.982051652369  0.003719924715
  247  0.985151974681  0.003084091053
  248  0.987962337375  0.002505308993
  249  0.990481149795  0.001984611230
  250  0.992706987598  0.001522931359
  251  0.994638593143  0.001121100772
  252  0.996274875832  0.000779845871
  253  0.997614912390  0.000499785597
  254  0.998657947101  0.000281429313
  255  0.999403391994  0.000125175039
  256  0.999850826989  0.000031308075
  257  1.000000000000 -0.000000000000
