    1  1.000000000000  0.000000000000
    2  0.961611633461 -0.002798486733
    3  0.852595502280 -0.010436044629
    4  0.690157382939 -0.021301456328
    5  0.499418810853 -0.032862578827
    6  0.310019170895 -0.040638337703
    7  0.149793054626 -0.040828915688
    8  0.040901774735 -0.027778517558
    9  0.000000000000  0.000000000000
   10  0.035218692754  0.035028418959
   11  0.143100164188  0.064756585218
   12  0.307297396740  0.078552510424
   13  0.500581189147  0.071751467716
   14  0.692526049426  0.051870345707
   15  0.854511278906  0.027579302615
   16  0.962267899051  0.007712231077
   17  1.000000000000 -0.000000000000
