    1  1.000000000000  0.000000000000
    2  0.961939766256 -0.003949194658
    3  0.853553390593 -0.014273845967
    4  0.691341716183 -0.027453798902
    5  0.500000000000 -0.039232689000
    6  0.308658283817 -0.044708220194
    7  0.146446609407 -0.039674030206
    8  0.038060233744 -0.023648823392
    9  0.000000000000  0.000000000000
   10  0.038060233744  0.023648823392
   11  0.146446609407  0.039674030206
   12  0.308658283817  0.044708220194
   13  0.500000000000  0.039232689000
   14  0.691341716183  0.027453798902
   15  0.853553390593  0.014273845967
   16  0.961939766256  0.003949194658
   17  1.000000000000 -0.000000000000
