    1  1.000000000000  0.000000000000
    2  0.999961996405 -0.000002808194
    3  0.999847991707 -0.000011231841
    4  0.999658004166 -0.000025268139
    5  0.999392064212 -0.000044912423
    6  0.999050214435 -0.000070158173
    7  0.998632509578 -0.000100997026
    8  0.998139016525 -0.000137418788
    9  0.997569814282 -0.000179411455
   10  0.996924993963 -0.000226961231
   11  0.996204658767 -0.000280052550
   12  0.995408923954 -0.000338668106
   13  0.994537916822 -0.000402788879
   14  0.993591776674 -0.000472394168
   15  0.992570654791 -0.000547461624
   16  0.991474714394 -0.000627967288
   17  0.990304130608 -0.000713885631
   18  0.989059090426 -0.000805189590
   19  0.987739792663 -0.000901850620
   20  0.986346447916 -0.001003838730
   21  0.984879278513 -0.001111122538
   22  0.983338518468 -0.001223669313
   23  0.981724413426 -0.001341445030
   24  0.980037220613 -0.001464414417
   25  0.978277208775 -0.001592541011
   26  0.976444658127 -0.001725787211
   27  0.974539860284 -0.001864114326
   28  0.972563118207 -0.002007482640
   29  0.970514746130 -0.002155851455
   30  0.968395069501 -0.002309179156
   31  0.966204424907 -0.002467423259
   32  0.963943160008 -0.002630540469
   33  0.961611633461 -0.002798486733
   34  0.959210214848 -0.002971217291
   35  0.956739284598 -0.003148686733
   36  0.954199233910 -0.003330849049
   37  0.951590464673 -0.003517657674
   38  0.948913389384 -0.003709065546
   39  0.946168431067 -0.003905025144
   40  0.943356023185 -0.004105488538
   41  0.940476609558 -0.004310407432
   42  0.937530644270 -0.004519733202
   43  0.934518591586 -0.004733416939
   44  0.931440925857 -0.004951409481
   45  0.928298131431 -0.005173661446
   46  0.925090702556 -0.005400123267
   47  0.921819143291 -0.005630745215
   48  0.918483967406 -0.005865477424
   49  0.915085698287 -0.006104269913
   50  0.911624868836 -0.006347072603
   51  0.908102021376 -0.006593835332
   52  0.904517707545 -0.006844507863
   53  0.900872488199 -0.007099039893
   54  0.897166933307 -0.007357381054
   55  0.893401621851 -0.007619480914
   56  0.889577141715 -0.007885288972
   57  0.885694089586 -0.008154754646
   58  0.881753070846 -0.008427827264
   59  0.877754699462 -0.008704456045
   60  0.873699597880 -0.008984590079
   61  0.869588396916 -0.009268178301
   62  0.865421735643 -0.009555169462
   63  0.861200261286 -0.009845512099
   64  0.856924629104 -0.010139154492
   65  0.852595502280 -0.010436044629
   66  0.848213551810 -0.010736130156
   67  0.843779456384 -0.011039358335
   68  0.839293902275 -0.011345675985
   69  0.834757583219 -0.011655029428
   70  0.830171200305 -0.011967364433
   71  0.825535461851 -0.012282626149
   72  0.820851083288 -0.012600759040
   73  0.816118787041 -0.012921706818
   74  0.811339302413 -0.013245412368
   75  0.806513365457 -0.013571817675
   76  0.801641718861 -0.013900863747
   77  0.796725111825 -0.014232490533
   78  0.791764299935 -0.014566636843
   79  0.786760045042 -0.014903240261
   80  0.781713115139 -0.015242237064
   81  0.776624284233 -0.015583562132
   82  0.771494332221 -0.015927148857
   83  0.766324044764 -0.016272929058
   84  0.761114213159 -0.016620832885
   85  0.755865634211 -0.016970788734
   86  0.750579110105 -0.017322723149
   87  0.745255448275 -0.017676560737
   88  0.739895461279 -0.018032224069
   89  0.734499966661 -0.018389633598
   90  0.729069786826 -0.018748707562
   91  0.723605748905 -0.019109361895
   92  0.718108684624 -0.019471510146
   93  0.712579430167 -0.019835063384
   94  0.707018826050 -0.020199930122
   95  0.701427716976 -0.020566016227
   96  0.695806951711 -0.020933224846
   97  0.690157382939 -0.021301456328
   98  0.684479867133 -0.021670608148
   99  0.678775264415 -0.022040574838
  100  0.673044438420 -0.022411247920
  101  0.667288256156 -0.022782515840
  102  0.661507587873 -0.023154263913
  103  0.655703306917 -0.023526374264
  104  0.649876289596 -0.023898725781
  105  0.644027415039 -0.024271194065
  106  0.638157565059 -0.024643651395
  107  0.632267624013 -0.025015966687
  108  0.626358478661 -0.025388005467
  109  0.620431018027 -0.025759629847
  110  0.614486133261 -0.026130698505
  111  0.608524717497 -0.026501066673
  112  0.602547665713 -0.026870586132
  113  0.596555874592 -0.027239105210
  114  0.590550242385 -0.027606468790
  115  0.584531668765 -0.027972518322
  116  0.578501054693 -0.028337091844
  117  0.572459302277 -0.028700024008
  118  0.566407314631 -0.029061146114
  119  0.560345995739 -0.029420286151
  120  0.554276250317 -0.029777268842
  121  0.548198983674 -0.030131915703
  122  0.542115101571 -0.030484045099
  123  0.536025510092 -0.030833472321
  124  0.529931115502 -0.031180009653
  125  0.523832824110 -0.031523466461
  126  0.517731542141 -0.031863649282
  127  0.511628175594 -0.032200361920
  128  0.505523630113 -0.032533405549
  129  0.499418810853 -0.032862578827
  130  0.493314622348 -0.033187678011
  131  0.487211968380 -0.033508497081
  132  0.481111751851 -0.033824827872
  133  0.475014874651 -0.034136460211
  134  0.468922237530 -0.034443182056
  135  0.462834739974 -0.034744779650
  136  0.456753280079 -0.035041037673
  137  0.450678754422 -0.035331739402
  138  0.444612057942 -0.035616666877
  139  0.438554083817 -0.035895601071
  140  0.432505723340 -0.036168322065
  141  0.426467865805 -0.036434609231
  142  0.420441398380 -0.036694241409
  143  0.414427206000 -0.036946997100
  144  0.408426171241 -0.037192654659
  145  0.402439174212 -0.037430992484
  146  0.396495568098 -0.037662648918
  147  0.390587576497 -0.037891025888
  148  0.384696451516 -0.038116271783
  149  0.378823022783 -0.038338123359
  150  0.372968116407 -0.038556315787
  151  0.367132554908 -0.038770582898
  152  0.361317157152 -0.038980657423
  153  0.355522738284 -0.039186271244
  154  0.349750109670 -0.039387155638
  155  0.344000078836 -0.039583041527
  156  0.338273449412 -0.039773659726
  157  0.332571021075 -0.039958741191
  158  0.326893589495 -0.040138017270
  159  0.321241946291 -0.040311219947
  160  0.315616878971 -0.040478082093
  161  0.310019170895 -0.040638337703
  162  0.304449601224 -0.040791722145
  163  0.298908944874 -0.040937972400
  164  0.293397972480 -0.041076827293
  165  0.287917450346 -0.041208027732
  166  0.282468140414 -0.041331316936
  167  0.277050800214 -0.041446440662
  168  0.271666182837 -0.041553147425
  169  0.266315036887 -0.041651188715
  170  0.260998106452 -0.041740319207
  171  0.255716131062 -0.041820296969
  172  0.250469845658 -0.041890883660
  173  0.245259980550 -0.041951844726
  174  0.240087261386 -0.042002949581
  175  0.234952409113 -0.042043971794
  176  0.229856139944 -0.042074689258
  177  0.224799165317 -0.042094884355
  178  0.219782191863 -0.042104344118
  179  0.214805921363 -0.042102860375
  180  0.209871050714 -0.042090229894
  181  0.204978271887 -0.042066254517
  182  0.200128271887 -0.042030741281
  183  0.195321732711 -0.041983502540
  184  0.190559331307 -0.041924356065
  185  0.185841739526 -0.041853125147
  186  0.181169624080 -0.041769638685
  187  0.176543646491 -0.041673731264
  188  0.171964463044 -0.041565243226
  189  0.167432724734 -0.041444020734
  190  0.162949077215 -0.041309915817
  191  0.158514160742 -0.041162786419
  192  0.154128610117 -0.041002496424
  193  0.149793054626 -0.040828915688
  194  0.145508117980 -0.040641920046
  195  0.141274418249 -0.040441391316
  196  0.137092567800 -0.040227217299
  197  0.132963173221 -0.039999291760
  198  0.128886835255 -0.039757514409
  199  0.124864148727 -0.039501790864
  200  0.120895702464 -0.039232032613
  201  0.116982079221 -0.038948156963
  202  0.113123855596 -0.038650086982
  203  0.109321601950 -0.038337751435
  204  0.105575882318 -0.038011084705
  205  0.101887254325 -0.037670026712
  206  0.098256269091 -0.037314522827
  207  0.094683471144 -0.036944523769
  208  0.091169398318 -0.036559985505
  209  0.087714581660 -0.036160869135
  210  0.084319545334 -0.035747140781
  211  0.080984806512 -0.035318771455
  212  0.077710875277 -0.034875736938
  213  0.074498254516 -0.034418017638
  214  0.071347439814 -0.033945598455
  215  0.068258919346 -0.033458468634
  216  0.065233173766 -0.032956621618
  217  0.062270676099 -0.032440054892
  218  0.059371891625 -0.031908769829
  219  0.056537277769 -0.031362771529
  220  0.053767283987 -0.030802068657
  221  0.051062351650 -0.030226673278
  222  0.048422913928 -0.029636600688
  223  0.045849395677 -0.029031869248
  224  0.043342213320 -0.028412500212
  225  0.040901774735 -0.027778517558
  226  0.038528479133 -0.027129947817
  227  0.036222716950 -0.026466819898
  228  0.033984869725 -0.025789164923
  229  0.031815309990 -0.025097016056
  230  0.029714401154 -0.024390408330
  231  0.027682497392 -0.023669378486
  232  0.025719943531 -0.022933964804
  233  0.023827074943 -0.022184206945
  234  0.022004217435 -0.021420145786
  235  0.020251687141 -0.020641823268
  236  0.018569790419 -0.019849282242
  237  0.016958823748 -0.019042566319
  238  0.015419073626 -0.018221719727
  239  0.013950816473 -0.017386787171
  240  0.012554318536 -0.016537813697
  241  0.011229835795 -0.015674844562
  242  0.009977613873 -0.014797925110
  243  0.008797887950 -0.013907100658
  244  0.007690882679 -0.013002416374
  245  0.006656812107 -0.012083917183
  246  0.005695879596 -0.011151647658
  247  0.004808277750 -0.010205651932
  248  0.003994188347 -0.009245973614
  249  0.003253782273 -0.008272655708
  250  0.002587219459 -0.007285740545
  251  0.001994648823 -0.006285269718
  252  0.001476208218 -0.005271284029
  253  0.001032024381 -0.004243823439
  254  0.000662212889 -0.003202927034
  255  0.000366878116 -0.002148632988
  256  0.000146113198 -0.001080978545
  257  0.000000000000  0.000000000000
  258 -0.000070815037  0.001088508006
  259 -0.000065696812  0.002178745449
  260  0.000015402523  0.003270659878
  261  0.000172519414  0.004364187136
  262  0.000405678882  0.005459251395
  263  0.000714894499  0.006555765199
  264  0.001100168358  0.007653629525
  265  0.001561491054  0.008752733862
  266  0.002098841650  0.009852956300
  267  0.002712187651  0.010954163634
  268  0.003401484976  0.012056211487
  269  0.004166677928  0.013158944441
  270  0.005007699163  0.014262196185
  271  0.005924469661  0.015365789680
  272  0.006916898696  0.016469537333
  273  0.007984883802  0.017573241181
  274  0.009128310744  0.018676693099
  275  0.010347053488  0.019779675012
  276  0.011640974169  0.020881959120
  277  0.013009923058  0.021983308138
  278  0.014453738536  0.023083475546
  279  0.015972247064  0.024182205850
  280  0.017565263150  0.025279234857
  281  0.019232589325  0.026374289954
  282  0.020974016115  0.027467090402
  283  0.022789322015  0.028557347642
  284  0.024678273465  0.029644765601
  285  0.026640624827  0.030729041018
  286  0.028676118362  0.031809863768
  287  0.030784484215  0.032886917201
  288  0.032965440394  0.033959878486
  289  0.035218692754  0.035028418959
  290  0.037543934990  0.036092204481
  291  0.039940848620  0.037150895802
  292  0.042409102981  0.038204148923
  293  0.044948355227  0.039251615476
  294  0.047558250319  0.040292943094
  295  0.050238421035  0.041327775794
  296  0.052988487972  0.042355754357
  297  0.055808059553  0.043376516719
  298  0.058696732038  0.044389698351
  299  0.061654089545  0.045394932656
  300  0.064679704064  0.046391851351
  301  0.067773135484  0.047380084862
  302  0.070933931618  0.048359262714
  303  0.074161628238  0.049329013917
  304  0.077455749111  0.050288967357
  305  0.080815806037  0.051238752182
  306  0.084241298897  0.052177998183
  307  0.087731715704  0.053106336179
  308  0.091286532656  0.054023398396
  309  0.094905214195  0.054928818835
  310  0.098587213073  0.055822233649
  311  0.102331970424  0.056703281504
  312  0.106138915832  0.057571603942
  313  0.110007467416  0.058426845734
  314  0.113937031913  0.059268655230
  315  0.117927004767  0.060096684700
  316  0.121976770222  0.060910590672
  317  0.126085701424  0.061710034259
  318  0.130253160528  0.062494681478
  319  0.134478498799  0.063264203567
  320  0.138761056737  0.064018277286
  321  0.143100164188  0.064756585218
  322  0.147495140474  0.065478816051
  323  0.151945294521  0.066184664860
  324  0.156449924989  0.066873833375
  325  0.161008320419  0.067546030240
  326  0.165619759366  0.068200971266
  327  0.170283510555  0.068838379664
  328  0.174998833030  0.069457986281
  329  0.179764976310  0.070059529814
  330  0.184581180551  0.070642757023
  331  0.189446676708  0.071207422926
  332  0.194360686709  0.071753290988
  333  0.199322423621  0.072280133293
  334  0.204331091830  0.072787730718
  335  0.209385887219  0.073275873079
  336  0.214485997354  0.073744359280
  337  0.219630601663  0.074192997442
  338  0.224818871634  0.074621605031
  339  0.230049971000  0.075030008961
  340  0.235323055936  0.075418045699
  341  0.240637275257  0.075785561356
  342  0.245991770616  0.076132411761
  343  0.251385676708  0.076458462531
  344  0.256818121469  0.076763589130
  345  0.262288226287  0.077047676917
  346  0.267795106205  0.077310621181
  347  0.273337870131  0.077552327169
  348  0.278915621048  0.077772710105
  349  0.284527456223  0.077971695198
  350  0.290172467423  0.078149217637
  351  0.295849741121  0.078305222589
  352  0.301558358715  0.078439665170
  353  0.307297396740  0.078552510424
  354  0.313065927077  0.078643733284
  355  0.318863017175  0.078713318528
  356  0.324687730255  0.078761260729
  357  0.330539125533  0.078787564193
  358  0.336416258425  0.078792242893
  359  0.342318180765  0.078775320396
  360  0.348243941011  0.078736829782
  361  0.354192584462  0.078676813560
  362  0.360163153463  0.078595323572
  363  0.366154687617  0.078492420897
  364  0.372166223988  0.078368175749
  365  0.378196797314  0.078222667367
  366  0.384245440204  0.078055983902
  367  0.390311183347  0.077868222302
  368  0.396393055710  0.077659488189
  369  0.402470503772  0.077430322903
  370  0.408533940804  0.077184664509
  371  0.414610905240  0.076923574547
  372  0.420700458286  0.076647223287
  373  0.426801659740  0.076355785832
  374  0.432913568152  0.076049441963
  375  0.439035240984  0.075728375978
  376  0.445165734764  0.075392776541
  377  0.451304105249  0.075042836522
  378  0.457449407577  0.074678752843
  379  0.463600696426  0.074300726328
  380  0.469757026168  0.073908961551
  381  0.475917451022  0.073503666685
  382  0.482081025207  0.073085053359
  383  0.488246803097  0.072653336512
  384  0.494413839367  0.072208734252
  385  0.500581189147  0.071751467716
  386  0.506747908173  0.071281760939
  387  0.512913052929  0.070799840717
  388  0.519075680801  0.070305936481
  389  0.525234850217  0.069800280173
  390  0.531389620801  0.069283106119
  391  0.537539053507  0.068754650919
  392  0.543682210773  0.068215153329
  393  0.549818156656  0.067664854149
  394  0.555945956976  0.067103996123
  395  0.562064679460  0.066532823832
  396  0.568173393876  0.065951583600
  397  0.574271172179  0.065360523399
  398  0.580357088640  0.064759892760
  399  0.586430219995  0.064149942685
  400  0.592489645570  0.063530925574
  401  0.598534447424  0.062903095139
  402  0.604563710480  0.062266706337
  403  0.610576522660  0.061622015298
  404  0.616571975019  0.060969279263
  405  0.622549161876  0.060308756519
  406  0.628507180944  0.059640706348
  407  0.634445133462  0.058965388965
  408  0.640362124326  0.058283065475
  409  0.646257262216  0.057593997822
  410  0.652129659724  0.056898448749
  411  0.657978433482  0.056196681752
  412  0.663802704289  0.055488961050
  413  0.669601597236  0.054775551543
  414  0.675374241830  0.054056718785
  415  0.681119772120  0.053332728951
  416  0.686837326818  0.052603848812
  417  0.692526049426  0.051870345707
  418  0.698185088350  0.051132487522
  419  0.703813597029  0.050390542666
  420  0.709410734048  0.049644780051
  421  0.714975663263  0.048895469071
  422  0.720507553915  0.048142879587
  423  0.726005580749  0.047387281906
  424  0.731468924132  0.046628946765
  425  0.736896770165  0.045868145315
  426  0.742288310800  0.045105149100
  427  0.747642743954  0.044340230048
  428  0.752959273621  0.043573660444
  429  0.758237109982  0.042805712921
  430  0.763475469519  0.042036660434
  431  0.768673575123  0.041266776245
  432  0.773830656201  0.040496333903
  433  0.778945948787  0.039725607215
  434  0.784018695645  0.038954870230
  435  0.789048146376  0.038184397209
  436  0.794033557522  0.037414462599
  437  0.798974192667  0.036645341001
  438  0.803869322543  0.035877307141
  439  0.808718225124  0.035110635834
  440  0.813520185730  0.034345601946
  441  0.818274497122  0.033582480355
  442  0.822980459602  0.032821545907
  443  0.827637381103  0.032063073372
  444  0.832244577285  0.031307337393
  445  0.836801371628  0.030554612435
  446  0.841307095521  0.029805172726
  447  0.845761088353  0.029059292204
  448  0.850162697599  0.028317244448
  449  0.854511278906  0.027579302615
  450  0.858806196180  0.026845739370
  451  0.863046821666  0.026116826811
  452  0.867232536029  0.025392836394
  453  0.871362728439  0.024674038848
  454  0.875436796643  0.023960704095
  455  0.879454147044  0.023253101161
  456  0.883414194776  0.022551498079
  457  0.887316363776  0.021856161802
  458  0.891160086857  0.021167358096
  459  0.894944805776  0.020485351442
  460  0.898669971302  0.019810404926
  461  0.902335043282  0.019142780136
  462  0.905939490708  0.018482737044
  463  0.909482791776  0.017830533889
  464  0.912964433949  0.017186427065
  465  0.916383914016  0.016550670993
  466  0.919740738149  0.015923518001
  467  0.923034421958  0.015305218192
  468  0.926264490549  0.014696019321
  469  0.929430478569  0.014096166657
  470  0.932531930264  0.013505902854
  471  0.935568399522  0.012925467813
  472  0.938539449925  0.012355098546
  473  0.941444654790  0.011795029036
  474  0.944283597217  0.011245490097
  475  0.947055870128  0.010706709235
  476  0.949761076310  0.010178910502
  477  0.952398828451  0.009662314359
  478  0.954968749181  0.009157137529
  479  0.957470471106  0.008663592853
  480  0.959903636842  0.008181889151
  481  0.962267899051  0.007712231077
  482  0.964562920466  0.007254818979
  483  0.966788373928  0.006809848753
  484  0.968943942412  0.006377511711
  485  0.971029319053  0.005957994434
  486  0.973044207174  0.005551478640
  487  0.974988320309  0.005158141049
  488  0.976861382228  0.004778153246
  489  0.978663126957  0.004411681555
  490  0.980393298803  0.004058886906
  491  0.982051652369  0.003719924715
  492  0.983637952577  0.003394944758
  493  0.985151974681  0.003084091053
  494  0.986593504289  0.002787501745
  495  0.987962337375  0.002505308993
  496  0.989258280294  0.002237638864
  497  0.990481149795  0.001984611230
  498  0.991630773037  0.001746339667
  499  0.992706987598  0.001522931359
  500  0.993709641483  0.001314487014
  501  0.994638593143  0.001121100772
  502  0.995493711474  0.000942860132
  503  0.996274875832  0.000779845871
  504  0.996981976039  0.000632131980
  505  0.997614912390  0.000499785597
  506  0.998173595658  0.000382866953
  507  0.998657947101  0.000281429313
  508  0.999067898466  0.000195518938
  509  0.999403391994  0.000125175039
  510  0.999664380422  0.000070429745
  511  0.999850826989  0.000031308075
  512  0.999962705434  0.000007827914
  513  1.000000000000 -0.000000000000
