    1  1.000000000000  0.000000000000
    2  0.999962350920 -0.000003997393
    3  0.999849409348 -0.000015987861
    4  0.999661192294 -0.000035966277
    5  0.999397728103 -0.000063924097
    6  0.999059056450 -0.000099849376
    7  0.998645228339 -0.000143726778
    8  0.998156306091 -0.000195537589
    9  0.997592363336 -0.000255259741
   10  0.996953485001 -0.000322867836
   11  0.996239767299 -0.000398333166
   12  0.995451317714 -0.000481623750
   13  0.994588254982 -0.000572704365
   14  0.993650709079 -0.000671536580
   15  0.992638821194 -0.000778078800
   16  0.991552743716 -0.000892286305
   17  0.990392640202 -0.001014111294
   18  0.989158685360 -0.001143502941
   19  0.987851065019 -0.001280407436
   20  0.986469976103 -0.001424768046
   21  0.985015626597 -0.001576525167
   22  0.983488235522 -0.001735616383
   23  0.981888032898 -0.001901976526
   24  0.980215259708 -0.002075537741
   25  0.978470167866 -0.002256229547
   26  0.976653020177 -0.002443978902
   27  0.974764090297 -0.002638710275
   28  0.972803662690 -0.002840345710
   29  0.970772032592 -0.003048804898
   30  0.968669505956 -0.003264005250
   31  0.966496399417 -0.003485861963
   32  0.964253040237 -0.003714288100
   33  0.961939766256 -0.003949194658
   34  0.959556925845 -0.004190490641
   35  0.957104877852 -0.004438083139
   36  0.954583991545 -0.004691877394
   37  0.951994646562 -0.004951776880
   38  0.949337232847 -0.005217683374
   39  0.946612150598 -0.005489497026
   40  0.943819810201 -0.005767116437
   41  0.940960632174 -0.006050438722
   42  0.938035047098 -0.006339359587
   43  0.935043495554 -0.006633773397
   44  0.931986428061 -0.006933573239
   45  0.928864305000 -0.007238650995
   46  0.925677596553 -0.007548897402
   47  0.922426782625 -0.007864202115
   48  0.919112352777 -0.008184453774
   49  0.915734806151 -0.008509540054
   50  0.912294651393 -0.008839347731
   51  0.908792406576 -0.009173762730
   52  0.905228599126 -0.009512670183
   53  0.901603765740 -0.009855954476
   54  0.897918452304 -0.010203499296
   55  0.894173213813 -0.010555187680
   56  0.890368614286 -0.010910902054
   57  0.886505226681 -0.011270524275
   58  0.882583632811 -0.011633935667
   59  0.878604423253 -0.012001017054
   60  0.874568197262 -0.012371648795
   61  0.870475562677 -0.012745710808
   62  0.866327135836 -0.013123082599
   63  0.862123541476 -0.013503643285
   64  0.857865412642 -0.013887271610
   65  0.853553390593 -0.014273845967
   66  0.849188124704 -0.014663244406
   67  0.844770272369 -0.015055344651
   68  0.840300498898 -0.015450024105
   69  0.835779477424 -0.015847159858
   70  0.831207888795 -0.016246628685
   71  0.826586421477 -0.016648307053
   72  0.821915771445 -0.017052071113
   73  0.817196642082 -0.017457796698
   74  0.812429744071 -0.017865359314
   75  0.807615795290 -0.018274634133
   76  0.802755520702 -0.018685495978
   77  0.797849652246 -0.019097819311
   78  0.792898928728 -0.019511478217
   79  0.787904095709 -0.019926346386
   80  0.782865905392 -0.020342297093
   81  0.777785116510 -0.020759203178
   82  0.772662494211 -0.021176937023
   83  0.767498809944 -0.021595370530
   84  0.762294841339 -0.022014375093
   85  0.757051372097 -0.022433821574
   86  0.751769191863 -0.022853580278
   87  0.746449096115 -0.023273520925
   88  0.741091886040 -0.023693512620
   89  0.735698368413 -0.024113423829
   90  0.730269355479 -0.024533122351
   91  0.724805664827 -0.024952475287
   92  0.719308119269 -0.025371349015
   93  0.713777546715 -0.025789609167
   94  0.708214780049 -0.026207120593
   95  0.702620657002 -0.026623747348
   96  0.696996020031 -0.027039352658
   97  0.691341716183 -0.027453798902
   98  0.685658596976 -0.027866947592
   99  0.679947518267 -0.028278659347
  100  0.674209340125 -0.028688793882
  101  0.668444926696 -0.029097209990
  102  0.662655146081 -0.029503765524
  103  0.656840870199 -0.029908317393
  104  0.651002974660 -0.030310721546
  105  0.645142338627 -0.030710832970
  106  0.639259844693 -0.031108505687
  107  0.633356378737 -0.031503592751
  108  0.627432829802 -0.031895946252
  109  0.621490089952 -0.032285417322
  110  0.615529054140 -0.032671856143
  111  0.609550620078 -0.033055111964
  112  0.603555688096 -0.033435033112
  113  0.597545161008 -0.033811467015
  114  0.591519943978 -0.034184260227
  115  0.585480944380 -0.034553258455
  116  0.579429071667 -0.034918306588
  117  0.573365237228 -0.035279248739
  118  0.567290354254 -0.035635928279
  119  0.561205337600 -0.035988187885
  120  0.555111103647 -0.036335869587
  121  0.549008570165 -0.036678814822
  122  0.542898656172 -0.037016864487
  123  0.536782281800 -0.037349859006
  124  0.530660368151 -0.037677638389
  125  0.524533837164 -0.038000042307
  126  0.518403611471 -0.038316910161
  127  0.512270614261 -0.038628081163
  128  0.506135769143 -0.038933394416
  129  0.500000000000 -0.039232689000
  130  0.493864230857 -0.039525804064
  131  0.487729385739 -0.039812578915
  132  0.481596388529 -0.040092853120
  133  0.475466162836 -0.040366466602
  134  0.469339631849 -0.040633259750
  135  0.463217718200 -0.040893073521
  136  0.457101343828 -0.041145749556
  137  0.450991429835 -0.041391130290
  138  0.444888896353 -0.041629059069
  139  0.438794662400 -0.041859380273
  140  0.432709645746 -0.042081939436
  141  0.426634762772 -0.042296583367
  142  0.420570928333 -0.042503160284
  143  0.414519055620 -0.042701519933
  144  0.408480056022 -0.042891513727
  145  0.402454838992 -0.043072994872
  146  0.396444311904 -0.043245818501
  147  0.390449379922 -0.043409841808
  148  0.384470945860 -0.043564924183
  149  0.378509910048 -0.043710927345
  150  0.372567170198 -0.043847715479
  151  0.366643621263 -0.043975155371
  152  0.360740155307 -0.044093116541
  153  0.354857661373 -0.044201471380
  154  0.348997025340 -0.044300095281
  155  0.343159129801 -0.044388866771
  156  0.337344853919 -0.044467667643
  157  0.331555073304 -0.044536383086
  158  0.325790659875 -0.044594901809
  159  0.320052481733 -0.044643116170
  160  0.314341403024 -0.044680922293
  161  0.308658283817 -0.044708220194
  162  0.303003979969 -0.044724913890
  163  0.297379342998 -0.044730911520
  164  0.291785219951 -0.044726125449
  165  0.286222453285 -0.044710472375
  166  0.280691880731 -0.044683873430
  167  0.275194335173 -0.044646254280
  168  0.269730644521 -0.044597545212
  169  0.264301631587 -0.044537681229
  170  0.258908113960 -0.044466602125
  171  0.253550903885 -0.044384252566
  172  0.248230808137 -0.044290582161
  173  0.242948627903 -0.044185545529
  174  0.237705158661 -0.044069102356
  175  0.232501190056 -0.043941217450
  176  0.227337505789 -0.043801860790
  177  0.222214883490 -0.043651007565
  178  0.217134094608 -0.043488638207
  179  0.212095904291 -0.043314738422
  180  0.207101071272 -0.043129299208
  181  0.202150347754 -0.042932316868
  182  0.197244479298 -0.042723793017
  183  0.192384204710 -0.042503734582
  184  0.187570255929 -0.042272153792
  185  0.182803357918 -0.042029068163
  186  0.178084228555 -0.041774500475
  187  0.173413578523 -0.041508478741
  188  0.168792111205 -0.041231036167
  189  0.164220522576 -0.040942211111
  190  0.159699501102 -0.040642047023
  191  0.155229727631 -0.040330592392
  192  0.150811875296 -0.040007900672
  193  0.146446609407 -0.039674030206
  194  0.142134587358 -0.039329044148
  195  0.137876458524 -0.038973010369
  196  0.133672864164 -0.038606001359
  197  0.129524437323 -0.038228094127
  198  0.125431802738 -0.037839370084
  199  0.121395576747 -0.037439914928
  200  0.117416367189 -0.037029818519
  201  0.113494773319 -0.036609174746
  202  0.109631385714 -0.036178081393
  203  0.105826786187 -0.035736639990
  204  0.102081547696 -0.035284955669
  205  0.098396234260 -0.034823137004
  206  0.094771400874 -0.034351295853
  207  0.091207593424 -0.033869547193
  208  0.087705348607 -0.033378008945
  209  0.084265193849 -0.032876801805
  210  0.080887647223 -0.032366049057
  211  0.077573217375 -0.031845876394
  212  0.074322403447 -0.031316411730
  213  0.071135695000 -0.030777785005
  214  0.068013571939 -0.030230127995
  215  0.064956504446 -0.029673574114
  216  0.061964952902 -0.029108258211
  217  0.059039367826 -0.028534316371
  218  0.056180189799 -0.027951885713
  219  0.053387849402 -0.027361104178
  220  0.050662767153 -0.026762110330
  221  0.048005353438 -0.026155043146
  222  0.045416008455 -0.025540041806
  223  0.042895122148 -0.024917245491
  224  0.040443074155 -0.024286793168
  225  0.038060233744 -0.023648823392
  226  0.035746959763 -0.023003474092
  227  0.033503600583 -0.022350882374
  228  0.031330494044 -0.021691184314
  229  0.029227967408 -0.021024514759
  230  0.027196337310 -0.020351007129
  231  0.025235909703 -0.019670793223
  232  0.023346979823 -0.018984003026
  233  0.021529832134 -0.018290764521
  234  0.019784740292 -0.017591203505
  235  0.018111967102 -0.016885443409
  236  0.016511764478 -0.016173605122
  237  0.014984373403 -0.015455806820
  238  0.013530023897 -0.014732163800
  239  0.012148934981 -0.014002788322
  240  0.010841314640 -0.013267789452
  241  0.009607359798 -0.012527272917
  242  0.008447256284 -0.011781340958
  243  0.007361178806 -0.011030092200
  244  0.006349290921 -0.010273621521
  245  0.005411745018 -0.009512019929
  246  0.004548682286 -0.008745374451
  247  0.003760232701 -0.007973768024
  248  0.003046514999 -0.007197279398
  249  0.002407636664 -0.006415983041
  250  0.001843693909 -0.005629949061
  251  0.001354771661 -0.004839243129
  252  0.000940943550 -0.004043926410
  253  0.000602271897 -0.003244055510
  254  0.000338807706 -0.002439682422
  255  0.000150590652 -0.001630854487
  256  0.000037649080 -0.000817614363
  257  0.000000000000  0.000000000000
  258  0.000037649080  0.000817614363
  259  0.000150590652  0.001630854487
  260  0.000338807706  0.002439682422
  261  0.000602271897  0.003244055510
  262  0.000940943550  0.004043926410
  263  0.001354771661  0.004839243129
  264  0.001843693909  0.005629949061
  265  0.002407636664  0.006415983041
  266  0.003046514999  0.007197279398
  267  0.003760232701  0.007973768024
  268  0.004548682286  0.008745374451
  269  0.005411745018  0.009512019929
  270  0.006349290921  0.010273621521
  271  0.007361178806  0.011030092200
  272  0.008447256284  0.011781340958
  273  0.009607359798  0.012527272917
  274  0.010841314640  0.013267789452
  275  0.012148934981  0.014002788322
  276  0.013530023897  0.014732163800
  277  0.014984373403  0.015455806820
  278  0.016511764478  0.016173605122
  279  0.018111967102  0.016885443409
  280  0.019784740292  0.017591203505
  281  0.021529832134  0.018290764521
  282  0.023346979823  0.018984003026
  283  0.025235909703  0.019670793223
  284  0.027196337310  0.020351007129
  285  0.029227967408  0.021024514759
  286  0.031330494044  0.021691184314
  287  0.033503600583  0.022350882374
  288  0.035746959763  0.023003474092
  289  0.038060233744  0.023648823392
  290  0.040443074155  0.024286793168
  291  0.042895122148  0.024917245491
  292  0.045416008455  0.025540041806
  293  0.048005353438  0.026155043146
  294  0.050662767153  0.026762110330
  295  0.053387849402  0.027361104178
  296  0.056180189799  0.027951885713
  297  0.059039367826  0.028534316371
  298  0.061964952902  0.029108258211
  299  0.064956504446  0.029673574114
  300  0.068013571939  0.030230127995
  301  0.071135695000  0.030777785005
  302  0.074322403447  0.031316411730
  303  0.077573217375  0.031845876394
  304  0.080887647223  0.032366049057
  305  0.084265193849  0.032876801805
  306  0.087705348607  0.033378008945
  307  0.091207593424  0.033869547193
  308  0.094771400874  0.034351295853
  309  0.098396234260  0.034823137004
  310  0.102081547696  0.035284955669
  311  0.105826786187  0.035736639990
  312  0.109631385714  0.036178081393
  313  0.113494773319  0.036609174746
  314  0.117416367189  0.037029818519
  315  0.121395576747  0.037439914928
  316  0.125431802738  0.037839370084
  317  0.129524437323  0.038228094127
  318  0.133672864164  0.038606001359
  319  0.137876458524  0.038973010369
  320  0.142134587358  0.039329044148
  321  0.146446609407  0.039674030206
  322  0.150811875296  0.040007900672
  323  0.155229727631  0.040330592392
  324  0.159699501102  0.040642047023
  325  0.164220522576  0.040942211111
  326  0.168792111205  0.041231036167
  327  0.173413578523  0.041508478741
  328  0.178084228555  0.041774500475
  329  0.182803357918  0.042029068163
  330  0.187570255929  0.042272153792
  331  0.192384204710  0.042503734582
  332  0.197244479298  0.042723793017
  333  0.202150347754  0.042932316868
  334  0.207101071272  0.043129299208
  335  0.212095904291  0.043314738422
  336  0.217134094608  0.043488638207
  337  0.222214883490  0.043651007565
  338  0.227337505789  0.043801860790
  339  0.232501190056  0.043941217450
  340  0.237705158661  0.044069102356
  341  0.242948627903  0.044185545529
  342  0.248230808137  0.044290582161
  343  0.253550903885  0.044384252566
  344  0.258908113960  0.044466602125
  345  0.264301631587  0.044537681229
  346  0.269730644521  0.044597545212
  347  0.275194335173  0.044646254280
  348  0.280691880731  0.044683873430
  349  0.286222453285  0.044710472375
  350  0.291785219951  0.044726125449
  351  0.297379342998  0.044730911520
  352  0.303003979969  0.044724913890
  353  0.308658283817  0.044708220194
  354  0.314341403024  0.044680922293
  355  0.320052481733  0.044643116170
  356  0.325790659875  0.044594901809
  357  0.331555073304  0.044536383086
  358  0.337344853919  0.044467667643
  359  0.343159129801  0.044388866771
  360  0.348997025340  0.044300095281
  361  0.354857661373  0.044201471380
  362  0.360740155307  0.044093116541
  363  0.366643621263  0.043975155371
  364  0.372567170198  0.043847715479
  365  0.378509910048  0.043710927345
  366  0.384470945860  0.043564924183
  367  0.390449379922  0.043409841808
  368  0.396444311904  0.043245818501
  369  0.402454838992  0.043072994872
  370  0.408480056022  0.042891513727
  371  0.414519055620  0.042701519933
  372  0.420570928333  0.042503160284
  373  0.426634762772  0.042296583367
  374  0.432709645746  0.042081939436
  375  0.438794662400  0.041859380273
  376  0.444888896353  0.041629059069
  377  0.450991429835  0.041391130290
  378  0.457101343828  0.041145749556
  379  0.463217718200  0.040893073521
  380  0.469339631849  0.040633259750
  381  0.475466162836  0.040366466602
  382  0.481596388529  0.040092853120
  383  0.487729385739  0.039812578915
  384  0.493864230857  0.039525804064
  385  0.500000000000  0.039232689000
  386  0.506135769143  0.038933394416
  387  0.512270614261  0.038628081163
  388  0.518403611471  0.038316910161
  389  0.524533837164  0.038000042307
  390  0.530660368151  0.037677638389
  391  0.536782281800  0.037349859006
  392  0.542898656172  0.037016864487
  393  0.549008570165  0.036678814822
  394  0.555111103647  0.036335869587
  395  0.561205337600  0.035988187885
  396  0.567290354254  0.035635928279
  397  0.573365237228  0.035279248739
  398  0.579429071667  0.034918306588
  399  0.585480944380  0.034553258455
  400  0.591519943978  0.034184260227
  401  0.597545161008  0.033811467015
  402  0.603555688096  0.033435033112
  403  0.609550620078  0.033055111964
  404  0.615529054140  0.032671856143
  405  0.621490089952  0.032285417322
  406  0.627432829802  0.031895946252
  407  0.633356378737  0.031503592751
  408  0.639259844693  0.031108505687
  409  0.645142338627  0.030710832970
  410  0.651002974660  0.030310721546
  411  0.656840870199  0.029908317393
  412  0.662655146081  0.029503765524
  413  0.668444926696  0.029097209990
  414  0.674209340125  0.028688793882
  415  0.679947518267  0.028278659347
  416  0.685658596976  0.027866947592
  417  0.691341716183  0.027453798902
  418  0.696996020031  0.027039352658
  419  0.702620657002  0.026623747348
  420  0.708214780049  0.026207120593
  421  0.713777546715  0.025789609167
  422  0.719308119269  0.025371349015
  423  0.724805664827  0.024952475287
  424  0.730269355479  0.024533122351
  425  0.735698368413  0.024113423829
  426  0.741091886040  0.023693512620
  427  0.746449096115  0.023273520925
  428  0.751769191863  0.022853580278
  429  0.757051372097  0.022433821574
  430  0.762294841339  0.022014375093
  431  0.767498809944  0.021595370530
  432  0.772662494211  0.021176937023
  433  0.777785116510  0.020759203178
  434  0.782865905392  0.020342297093
  435  0.787904095709  0.019926346386
  436  0.792898928728  0.019511478217
  437  0.797849652246  0.019097819311
  438  0.802755520702  0.018685495978
  439  0.807615795290  0.018274634133
  440  0.812429744071  0.017865359314
  441  0.817196642082  0.017457796698
  442  0.821915771445  0.017052071113
  443  0.826586421477  0.016648307053
  444  0.831207888795  0.016246628685
  445  0.835779477424  0.015847159858
  446  0.840300498898  0.015450024105
  447  0.844770272369  0.015055344651
  448  0.849188124704  0.014663244406
  449  0.853553390593  0.014273845967
  450  0.857865412642  0.013887271610
  451  0.862123541476  0.013503643285
  452  0.866327135836  0.013123082599
  453  0.870475562677  0.012745710808
  454  0.874568197262  0.012371648795
  455  0.878604423253  0.012001017054
  456  0.882583632811  0.011633935667
  457  0.886505226681  0.011270524275
  458  0.890368614286  0.010910902054
  459  0.894173213813  0.010555187680
  460  0.897918452304  0.010203499296
  461  0.901603765740  0.009855954476
  462  0.905228599126  0.009512670183
  463  0.908792406576  0.009173762730
  464  0.912294651393  0.008839347731
  465  0.915734806151  0.008509540054
  466  0.919112352777  0.008184453774
  467  0.922426782625  0.007864202115
  468  0.925677596553  0.007548897402
  469  0.928864305000  0.007238650995
  470  0.931986428061  0.006933573239
  471  0.935043495554  0.006633773397
  472  0.938035047098  0.006339359587
  473  0.940960632174  0.006050438722
  474  0.943819810201  0.005767116437
  475  0.946612150598  0.005489497026
  476  0.949337232847  0.005217683374
  477  0.951994646562  0.004951776880
  478  0.954583991545  0.004691877394
  479  0.957104877852  0.004438083139
  480  0.959556925845  0.004190490641
  481  0.961939766256  0.003949194658
  482  0.964253040237  0.003714288100
  483  0.966496399417  0.003485861963
  484  0.968669505956  0.003264005250
  485  0.970772032592  0.003048804898
  486  0.972803662690  0.002840345710
  487  0.974764090297  0.002638710275
  488  0.976653020177  0.002443978902
  489  0.978470167866  0.002256229547
  490  0.980215259708  0.002075537741
  491  0.981888032898  0.001901976526
  492  0.983488235522  0.001735616383
  493  0.985015626597  0.001576525167
  494  0.986469976103  0.001424768046
  495  0.987851065019  0.001280407436
  496  0.989158685360  0.001143502941
  497  0.990392640202  0.001014111294
  498  0.991552743716  0.000892286305
  499  0.992638821194  0.000778078800
  500  0.993650709079  0.000671536580
  501  0.994588254982  0.000572704365
  502  0.995451317714  0.000481623750
  503  0.996239767299  0.000398333166
  504  0.996953485001  0.000322867836
  505  0.997592363336  0.000255259741
  506  0.998156306091  0.000195537589
  507  0.998645228339  0.000143726778
  508  0.999059056450  0.000099849376
  509  0.999397728103  0.000063924097
  510  0.999661192294  0.000035966277
  511  0.999849409348  0.000015987861
  512  0.999962350920  0.000003997393
  513  1.000000000000 -0.000000000000
