    1  1.000000000000  0.000000000000
    2  0.999397728103 -0.000063924097
    3  0.997592363336 -0.000255259741
    4  0.994588254982 -0.000572704365
    5  0.990392640202 -0.001014111294
    6  0.985015626597 -0.001576525167
    7  0.978470167866 -0.002256229547
    8  0.970772032592 -0.003048804898
    9  0.961939766256 -0.003949194658
   10  0.951994646562 -0.004951776880
   11  0.940960632174 -0.006050438722
   12  0.928864305000 -0.007238650995
   13  0.915734806151 -0.008509540054
   14  0.901603765740 -0.009855954476
   15  0.886505226681 -0.011270524275
   16  0.870475562677 -0.012745710808
   17  0.853553390593 -0.014273845967
   18  0.835779477424 -0.015847159858
   19  0.817196642082 -0.017457796698
   20  0.797849652246 -0.019097819311
   21  0.777785116510 -0.020759203178
   22  0.757051372097 -0.022433821574
   23  0.735698368413 -0.024113423829
   24  0.713777546715 -0.025789609167
   25  0.691341716183 -0.027453798902
   26  0.668444926696 -0.029097209990
   27  0.645142338627 -0.030710832970
   28  0.621490089952 -0.032285417322
   29  0.597545161008 -0.033811467015
   30  0.573365237228 -0.035279248739
   31  0.549008570165 -0.036678814822
   32  0.524533837164 -0.038000042307
   33  0.500000000000 -0.039232689000
   34  0.475466162836 -0.040366466602
   35  0.450991429835 -0.041391130290
   36  0.426634762772 -0.042296583367
   37  0.402454838992 -0.043072994872
   38  0.378509910048 -0.043710927345
   39  0.354857661373 -0.044201471380
   40  0.331555073304 -0.044536383086
   41  0.308658283817 -0.044708220194
   42  0.286222453285 -0.044710472375
   43  0.264301631587 -0.044537681229
   44  0.242948627903 -0.044185545529
   45  0.222214883490 -0.043651007565
   46  0.202150347754 -0.042932316868
   47  0.182803357918 -0.042029068163
   48  0.164220522576 -0.040942211111
   49  0.146446609407 -0.039674030206
   50  0.129524437323 -0.038228094127
   51  0.113494773319 -0.036609174746
   52  0.098396234260 -0.034823137004
   53  0.084265193849 -0.032876801805
   54  0.071135695000 -0.030777785005
   55  0.059039367826 -0.028534316371
   56  0.048005353438 -0.026155043146
   57  0.038060233744 -0.023648823392
   58  0.029227967408 -0.021024514759
   59  0.021529832134 -0.018290764521
   60  0.014984373403 -0.015455806820
   61  0.009607359798 -0.012527272917
   62  0.005411745018 -0.009512019929
   63  0.002407636664 -0.006415983041
   64  0.000602271897 -0.003244055510
   65  0.000000000000  0.000000000000
   66  0.000602271897  0.003244055510
   67  0.002407636664  0.006415983041
   68  0.005411745018  0.009512019929
   69  0.009607359798  0.012527272917
   70  0.014984373403  0.015455806820
   71  0.021529832134  0.018290764521
   72  0.029227967408  0.021024514759
   73  0.038060233744  0.023648823392
   74  0.048005353438  0.026155043146
   75  0.059039367826  0.028534316371
   76  0.071135695000  0.030777785005
   77  0.084265193849  0.032876801805
   78  0.098396234260  0.034823137004
   79  0.113494773319  0.036609174746
   80  0.129524437323  0.038228094127
   81  0.146446609407  0.039674030206
   82  0.164220522576  0.040942211111
   83  0.182803357918  0.042029068163
   84  0.202150347754  0.042932316868
   85  0.222214883490  0.043651007565
   86  0.242948627903  0.044185545529
   87  0.264301631587  0.044537681229
   88  0.286222453285  0.044710472375
   89  0.308658283817  0.044708220194
   90  0.331555073304  0.044536383086
   91  0.354857661373  0.044201471380
   92  0.378509910048  0.043710927345
   93  0.402454838992  0.043072994872
   94  0.426634762772  0.042296583367
   95  0.450991429835  0.041391130290
   96  0.475466162836  0.040366466602
   97  0.500000000000  0.039232689000
   98  0.524533837164  0.038000042307
   99  0.549008570165  0.036678814822
  100  0.573365237228  0.035279248739
  101  0.597545161008  0.033811467015
  102  0.621490089952  0.032285417322
  103  0.645142338627  0.030710832970
  104  0.668444926696  0.029097209990
  105  0.691341716183  0.027453798902
  106  0.713777546715  0.025789609167
  107  0.735698368413  0.024113423829
  108  0.757051372097  0.022433821574
  109  0.777785116510  0.020759203178
  110  0.797849652246  0.019097819311
  111  0.817196642082  0.017457796698
  112  0.835779477424  0.015847159858
  113  0.853553390593  0.014273845967
  114  0.870475562677  0.012745710808
  115  0.886505226681  0.011270524275
  116  0.901603765740  0.009855954476
  117  0.915734806151  0.008509540054
  118  0.928864305000  0.007238650995
  119  0.940960632174  0.006050438722
  120  0.951994646562  0.004951776880
  121  0.961939766256  0.003949194658
  122  0.970772032592  0.003048804898
  123  0.978470167866  0.002256229547
  124  0.985015626597  0.001576525167
  125  0.990392640202  0.001014111294
  126  0.994588254982  0.000572704365
  127  0.997592363336  0.000255259741
  128  0.999397728103  0.000063924097
  129  1.000000000000 -0.000000000000
