    1  1.000000000000  0.000000000000
    2  0.990304130608 -0.000713885631
    3  0.961611633461 -0.002798486733
    4  0.915085698287 -0.006104269913
    5  0.852595502280 -0.010436044629
    6  0.776624284233 -0.015583562132
    7  0.690157382939 -0.021301456328
    8  0.596555874592 -0.027239105210
    9  0.499418810853 -0.032862578827
   10  0.402439174212 -0.037430992484
   11  0.310019170895 -0.040638337703
   12  0.224799165317 -0.042094884355
   13  0.149793054626 -0.040828915688
   14  0.087714581660 -0.036160869135
   15  0.040901774735 -0.027778517558
   16  0.011229835795 -0.015674844562
   17  0.000000000000  0.000000000000
   18  0.007984883802  0.017573241181
   19  0.035218692754  0.035028418959
   20  0.080815806037  0.051238752182
   21  0.143100164188  0.064756585218
   22  0.219630601663  0.074192997442
   23  0.307297396740  0.078552510424
   24  0.402470503772  0.077430322903
   25  0.500581189147  0.071751467716
   26  0.598534447424  0.062903095139
   27  0.692526049426  0.051870345707
   28  0.778945948787  0.039725607215
   29  0.854511278906  0.027579302615
   30  0.916383914016  0.016550670993
   31  0.962267899051  0.007712231077
   32  0.990481149795  0.001984611230
   33  1.000000000000 -0.000000000000
