    1  1.000000000000  0.000000000000
    2  0.997569814282 -0.000179411455
    3  0.990304130608 -0.000713885631
    4  0.978277208775 -0.001592541011
    5  0.961611633461 -0.002798486733
    6  0.940476609558 -0.004310407432
    7  0.915085698287 -0.006104269913
    8  0.885694089586 -0.008154754646
    9  0.852595502280 -0.010436044629
   10  0.816118787041 -0.012921706818
   11  0.776624284233 -0.015583562132
   12  0.734499966661 -0.018389633598
   13  0.690157382939 -0.021301456328
   14  0.644027415039 -0.024271194065
   15  0.596555874592 -0.027239105210
   16  0.548198983674 -0.030131915703
   17  0.499418810853 -0.032862578827
   18  0.450678754422 -0.035331739402
   19  0.402439174212 -0.037430992484
   20  0.355522738284 -0.039186271244
   21  0.310019170895 -0.040638337703
   22  0.266315036887 -0.041651188715
   23  0.224799165317 -0.042094884355
   24  0.185841739526 -0.041853125147
   25  0.149793054626 -0.040828915688
   26  0.116982079221 -0.038948156963
   27  0.087714581660 -0.036160869135
   28  0.062270676099 -0.032440054892
   29  0.040901774735 -0.027778517558
   30  0.023827074943 -0.022184206945
   31  0.011229835795 -0.015674844562
   32  0.003253782273 -0.008272655708
   33  0.000000000000  0.000000000000
   34  0.001561491054  0.008752733862
   35  0.007984883802  0.017573241181
   36  0.019232589325  0.026374289954
   37  0.035218692754  0.035028418959
   38  0.055808059553  0.043376516719
   39  0.080815806037  0.051238752182
   40  0.110007467416  0.058426845734
   41  0.143100164188  0.064756585218
   42  0.179764976310  0.070059529814
   43  0.219630601663  0.074192997442
   44  0.262288226287  0.077047676917
   45  0.307297396740  0.078552510424
   46  0.354192584462  0.078676813560
   47  0.402470503772  0.077430322903
   48  0.451304105249  0.075042836522
   49  0.500581189147  0.071751467716
   50  0.549818156656  0.067664854149
   51  0.598534447424  0.062903095139
   52  0.646257262216  0.057593997822
   53  0.692526049426  0.051870345707
   54  0.736896770165  0.045868145315
   55  0.778945948787  0.039725607215
   56  0.818274497122  0.033582480355
   57  0.854511278906  0.027579302615
   58  0.887316363776  0.021856161802
   59  0.916383914016  0.016550670993
   60  0.941444654790  0.011795029036
   61  0.962267899051  0.007712231077
   62  0.978663126957  0.004411681555
   63  0.990481149795  0.001984611230
   64  0.997614912390  0.000499785597
   65  1.000000000000 -0.000000000000
