    1  1.000000000000  0.000000000000
    2  0.997592363336 -0.000255259741
    3  0.990392640202 -0.001014111294
    4  0.978470167866 -0.002256229547
    5  0.961939766256 -0.003949194658
    6  0.940960632174 -0.006050438722
    7  0.915734806151 -0.008509540054
    8  0.886505226681 -0.011270524275
    9  0.853553390593 -0.014273845967
   10  0.817196642082 -0.017457796698
   11  0.777785116510 -0.020759203178
   12  0.735698368413 -0.024113423829
   13  0.691341716183 -0.027453798902
   14  0.645142338627 -0.030710832970
   15  0.597545161008 -0.033811467015
   16  0.549008570165 -0.036678814822
   17  0.500000000000 -0.039232689000
   18  0.450991429835 -0.041391130290
   19  0.402454838992 -0.043072994872
   20  0.354857661373 -0.044201471380
   21  0.308658283817 -0.044708220194
   22  0.264301631587 -0.044537681229
   23  0.222214883490 -0.043651007565
   24  0.182803357918 -0.042029068163
   25  0.146446609407 -0.039674030206
   26  0.113494773319 -0.036609174746
   27  0.084265193849 -0.032876801805
   28  0.059039367826 -0.028534316371
   29  0.038060233744 -0.023648823392
   30  0.021529832134 -0.018290764521
   31  0.009607359798 -0.012527272917
   32  0.002407636664 -0.006415983041
   33  0.000000000000  0.000000000000
   34  0.002407636664  0.006415983041
   35  0.009607359798  0.012527272917
   36  0.021529832134  0.018290764521
   37  0.038060233744  0.023648823392
   38  0.059039367826  0.028534316371
   39  0.084265193849  0.032876801805
   40  0.113494773319  0.036609174746
   41  0.146446609407  0.039674030206
   42  0.182803357918  0.042029068163
   43  0.222214883490  0.043651007565
   44  0.264301631587  0.044537681229
   45  0.308658283817  0.044708220194
   46  0.354857661373  0.044201471380
   47  0.402454838992  0.043072994872
   48  0.450991429835  0.041391130290
   49  0.500000000000  0.039232689000
   50  0.549008570165  0.036678814822
   51  0.597545161008  0.033811467015
   52  0.645142338627  0.030710832970
   53  0.691341716183  0.027453798902
   54  0.735698368413  0.024113423829
   55  0.777785116510  0.020759203178
   56  0.817196642082  0.017457796698
   57  0.853553390593  0.014273845967
   58  0.886505226681  0.011270524275
   59  0.915734806151  0.008509540054
   60  0.940960632174  0.006050438722
   61  0.961939766256  0.003949194658
   62  0.978470167866  0.002256229547
   63  0.990392640202  0.001014111294
   64  0.997592363336  0.000255259741
   65  1.000000000000 -0.000000000000
