    1  1.000000000000  0.000000000000
    2  0.999849409348 -0.000015987861
    3  0.999397728103 -0.000063924097
    4  0.998645228339 -0.000143726778
    5  0.997592363336 -0.000255259741
    6  0.996239767299 -0.000398333166
    7  0.994588254982 -0.000572704365
    8  0.992638821194 -0.000778078800
    9  0.990392640202 -0.001014111294
   10  0.987851065019 -0.001280407436
   11  0.985015626597 -0.001576525167
   12  0.981888032898 -0.001901976526
   13  0.978470167866 -0.002256229547
   14  0.974764090297 -0.002638710275
   15  0.970772032592 -0.003048804898
   16  0.966496399417 -0.003485861963
   17  0.961939766256 -0.003949194658
   18  0.957104877852 -0.004438083139
   19  0.951994646562 -0.004951776880
   20  0.946612150598 -0.005489497026
   21  0.940960632174 -0.006050438722
   22  0.935043495554 -0.006633773397
   23  0.928864305000 -0.007238650995
   24  0.922426782625 -0.007864202115
   25  0.915734806151 -0.008509540054
   26  0.908792406576 -0.009173762730
   27  0.901603765740 -0.009855954476
   28  0.894173213813 -0.010555187680
   29  0.886505226681 -0.011270524275
   30  0.878604423253 -0.012001017054
   31  0.870475562677 -0.012745710808
   32  0.862123541476 -0.013503643285
   33  0.853553390593 -0.014273845967
   34  0.844770272369 -0.015055344651
   35  0.835779477424 -0.015847159858
   36  0.826586421477 -0.016648307053
   37  0.817196642082 -0.017457796698
   38  0.807615795290 -0.018274634133
   39  0.797849652246 -0.019097819311
   40  0.787904095709 -0.019926346386
   41  0.777785116510 -0.020759203178
   42  0.767498809944 -0.021595370530
   43  0.757051372097 -0.022433821574
   44  0.746449096115 -0.023273520925
   45  0.735698368413 -0.024113423829
   46  0.724805664827 -0.024952475287
   47  0.713777546715 -0.025789609167
   48  0.702620657002 -0.026623747348
   49  0.691341716183 -0.027453798902
   50  0.679947518267 -0.028278659347
   51  0.668444926696 -0.029097209990
   52  0.656840870199 -0.029908317393
   53  0.645142338627 -0.030710832970
   54  0.633356378737 -0.031503592751
   55  0.621490089952 -0.032285417322
   56  0.609550620078 -0.033055111964
   57  0.597545161008 -0.033811467015
   58  0.585480944380 -0.034553258455
   59  0.573365237228 -0.035279248739
   60  0.561205337600 -0.035988187885
   61  0.549008570165 -0.036678814822
   62  0.536782281800 -0.037349859006
   63  0.524533837164 -0.038000042307
   64  0.512270614261 -0.038628081163
   65  0.500000000000 -0.039232689000
   66  0.487729385739 -0.039812578915
   67  0.475466162836 -0.040366466602
   68  0.463217718200 -0.040893073521
   69  0.450991429835 -0.041391130290
   70  0.438794662400 -0.041859380273
   71  0.426634762772 -0.042296583367
   72  0.414519055620 -0.042701519933
   73  0.402454838992 -0.043072994872
   74  0.390449379922 -0.043409841808
   75  0.378509910048 -0.043710927345
   76  0.366643621263 -0.043975155371
   77  0.354857661373 -0.044201471380
   78  0.343159129801 -0.044388866771
   79  0.331555073304 -0.044536383086
   80  0.320052481733 -0.044643116170
   81  0.308658283817 -0.044708220194
   82  0.297379342998 -0.044730911520
   83  0.286222453285 -0.044710472375
   84  0.275194335173 -0.044646254280
   85  0.264301631587 -0.044537681229
   86  0.253550903885 -0.044384252566
   87  0.242948627903 -0.044185545529
   88  0.232501190056 -0.043941217450
   89  0.222214883490 -0.043651007565
   90  0.212095904291 -0.043314738422
   91  0.202150347754 -0.042932316868
   92  0.192384204710 -0.042503734582
   93  0.182803357918 -0.042029068163
   94  0.173413578523 -0.041508478741
   95  0.164220522576 -0.040942211111
   96  0.155229727631 -0.040330592392
   97  0.146446609407 -0.039674030206
   98  0.137876458524 -0.038973010369
   99  0.129524437323 -0.038228094127
  100  0.121395576747 -0.037439914928
  101  0.113494773319 -0.036609174746
  102  0.105826786187 -0.035736639990
  103  0.098396234260 -0.034823137004
  104  0.091207593424 -0.033869547193
  105  0.084265193849 -0.032876801805
  106  0.077573217375 -0.031845876394
  107  0.071135695000 -0.030777785005
  108  0.064956504446 -0.029673574114
  109  0.059039367826 -0.028534316371
  110  0.053387849402 -0.027361104178
  111  0.048005353438 -0.026155043146
  112  0.042895122148 -0.024917245491
  113  0.038060233744 -0.023648823392
  114  0.033503600583 -0.022350882374
  115  0.029227967408 -0.021024514759
  116  0.025235909703 -0.019670793223
  117  0.021529832134 -0.018290764521
  118  0.018111967102 -0.016885443409
  119  0.014984373403 -0.015455806820
  120  0.012148934981 -0.014002788322
  121  0.009607359798 -0.012527272917
  122  0.007361178806 -0.011030092200
  123  0.005411745018 -0.009512019929
  124  0.003760232701 -0.007973768024
  125  0.002407636664 -0.006415983041
  126  0.001354771661 -0.004839243129
  127  0.000602271897 -0.003244055510
  128  0.000150590652 -0.001630854487
  129  0.000000000000  0.000000000000
  130  0.000150590652  0.001630854487
  131  0.000602271897  0.003244055510
  132  0.001354771661  0.004839243129
  133  0.002407636664  0.006415983041
  134  0.003760232701  0.007973768024
  135  0.005411745018  0.009512019929
  136  0.007361178806  0.011030092200
  137  0.009607359798  0.012527272917
  138  0.012148934981  0.014002788322
  139  0.014984373403  0.015455806820
  140  0.018111967102  0.016885443409
  141  0.021529832134  0.018290764521
  142  0.025235909703  0.019670793223
  143  0.029227967408  0.021024514759
  144  0.033503600583  0.022350882374
  145  0.038060233744  0.023648823392
  146  0.042895122148  0.024917245491
  147  0.048005353438  0.026155043146
  148  0.053387849402  0.027361104178
  149  0.059039367826  0.028534316371
  150  0.064956504446  0.029673574114
  151  0.071135695000  0.030777785005
  152  0.077573217375  0.031845876394
  153  0.084265193849  0.032876801805
  154  0.091207593424  0.033869547193
  155  0.098396234260  0.034823137004
  156  0.105826786187  0.035736639990
  157  0.113494773319  0.036609174746
  158  0.121395576747  0.037439914928
  159  0.129524437323  0.038228094127
  160  0.137876458524  0.038973010369
  161  0.146446609407  0.039674030206
  162  0.155229727631  0.040330592392
  163  0.164220522576  0.040942211111
  164  0.173413578523  0.041508478741
  165  0.182803357918  0.042029068163
  166  0.192384204710  0.042503734582
  167  0.202150347754  0.042932316868
  168  0.212095904291  0.043314738422
  169  0.222214883490  0.043651007565
  170  0.232501190056  0.043941217450
  171  0.242948627903  0.044185545529
  172  0.253550903885  0.044384252566
  173  0.264301631587  0.044537681229
  174  0.275194335173  0.044646254280
  175  0.286222453285  0.044710472375
  176  0.297379342998  0.044730911520
  177  0.308658283817  0.044708220194
  178  0.320052481733  0.044643116170
  179  0.331555073304  0.044536383086
  180  0.343159129801  0.044388866771
  181  0.354857661373  0.044201471380
  182  0.366643621263  0.043975155371
  183  0.378509910048  0.043710927345
  184  0.390449379922  0.043409841808
  185  0.402454838992  0.043072994872
  186  0.414519055620  0.042701519933
  187  0.426634762772  0.042296583367
  188  0.438794662400  0.041859380273
  189  0.450991429835  0.041391130290
  190  0.463217718200  0.040893073521
  191  0.475466162836  0.040366466602
  192  0.487729385739  0.039812578915
  193  0.500000000000  0.039232689000
  194  0.512270614261  0.038628081163
  195  0.524533837164  0.038000042307
  196  0.536782281800  0.037349859006
  197  0.549008570165  0.036678814822
  198  0.561205337600  0.035988187885
  199  0.573365237228  0.035279248739
  200  0.585480944380  0.034553258455
  201  0.597545161008  0.033811467015
  202  0.609550620078  0.033055111964
  203  0.621490089952  0.032285417322
  204  0.633356378737  0.031503592751
  205  0.645142338627  0.030710832970
  206  0.656840870199  0.029908317393
  207  0.668444926696  0.029097209990
  208  0.679947518267  0.028278659347
  209  0.691341716183  0.027453798902
  210  0.702620657002  0.026623747348
  211  0.713777546715  0.025789609167
  212  0.724805664827  0.024952475287
  213  0.735698368413  0.024113423829
  214  0.746449096115  0.023273520925
  215  0.757051372097  0.022433821574
  216  0.767498809944  0.021595370530
  217  0.777785116510  0.020759203178
  218  0.787904095709  0.019926346386
  219  0.797849652246  0.019097819311
  220  0.807615795290  0.018274634133
  221  0.817196642082  0.017457796698
  222  0.826586421477  0.016648307053
  223  0.835779477424  0.015847159858
  224  0.844770272369  0.015055344651
  225  0.853553390593  0.014273845967
  226  0.862123541476  0.013503643285
  227  0.870475562677  0.012745710808
  228  0.878604423253  0.012001017054
  229  0.886505226681  0.011270524275
  230  0.894173213813  0.010555187680
  231  0.901603765740  0.009855954476
  232  0.908792406576  0.009173762730
  233  0.915734806151  0.008509540054
  234  0.922426782625  0.007864202115
  235  0.928864305000  0.007238650995
  236  0.935043495554  0.006633773397
  237  0.940960632174  0.006050438722
  238  0.946612150598  0.005489497026
  239  0.951994646562  0.004951776880
  240  0.957104877852  0.004438083139
  241  0.961939766256  0.003949194658
  242  0.966496399417  0.003485861963
  243  0.970772032592  0.003048804898
  244  0.974764090297  0.002638710275
  245  0.978470167866  0.002256229547
  246  0.981888032898  0.001901976526
  247  0.985015626597  0.001576525167
  248  0.987851065019  0.001280407436
  249  0.990392640202  0.001014111294
  250  0.992638821194  0.000778078800
  251  0.994588254982  0.000572704365
  252  0.996239767299  0.000398333166
  253  0.997592363336  0.000255259741
  254  0.998645228339  0.000143726778
  255  0.999397728103  0.000063924097
  256  0.999849409348  0.000015987861
  257  1.000000000000 -0.000000000000
