    1  1.000000000000  0.000000000000
    2  0.999392064212 -0.000044912423
    3  0.997569814282 -0.000179411455
    4  0.994537916822 -0.000402788879
    5  0.990304130608 -0.000713885631
    6  0.984879278513 -0.001111122538
    7  0.978277208775 -0.001592541011
    8  0.970514746130 -0.002155851455
    9  0.961611633461 -0.002798486733
   10  0.951590464673 -0.003517657674
   11  0.940476609558 -0.004310407432
   12  0.928298131431 -0.005173661446
   13  0.915085698287 -0.006104269913
   14  0.900872488199 -0.007099039893
   15  0.885694089586 -0.008154754646
   16  0.869588396916 -0.009268178301
   17  0.852595502280 -0.010436044629
   18  0.834757583219 -0.011655029428
   19  0.816118787041 -0.012921706818
   20  0.796725111825 -0.014232490533
   21  0.776624284233 -0.015583562132
   22  0.755865634211 -0.016970788734
   23  0.734499966661 -0.018389633598
   24  0.712579430167 -0.019835063384
   25  0.690157382939 -0.021301456328
   26  0.667288256156 -0.022782515840
   27  0.644027415039 -0.024271194065
   28  0.620431018027 -0.025759629847
   29  0.596555874592 -0.027239105210
   30  0.572459302277 -0.028700024008
   31  0.548198983674 -0.030131915703
   32  0.523832824110 -0.031523466461
   33  0.499418810853 -0.032862578827
   34  0.475014874651 -0.034136460211
   35  0.450678754422 -0.035331739402
   36  0.426467865805 -0.036434609231
   37  0.402439174212 -0.037430992484
   38  0.378823022783 -0.038338123359
   39  0.355522738284 -0.039186271244
   40  0.332571021075 -0.039958741191
   41  0.310019170895 -0.040638337703
   42  0.287917450346 -0.041208027732
   43  0.266315036887 -0.041651188715
   44  0.245259980550 -0.041951844726
   45  0.224799165317 -0.042094884355
   46  0.204978271887 -0.042066254517
   47  0.185841739526 -0.041853125147
   48  0.167432724734 -0.041444020734
   49  0.149793054626 -0.040828915688
   50  0.132963173221 -0.039999291760
   51  0.116982079221 -0.038948156963
   52  0.101887254325 -0.037670026712
   53  0.087714581660 -0.036160869135
   54  0.074498254516 -0.034418017638
   55  0.062270676099 -0.032440054892
   56  0.051062351650 -0.030226673278
   57  0.040901774735 -0.027778517558
   58  0.031815309990 -0.025097016056
   59  0.023827074943 -0.022184206945
   60  0.016958823748 -0.019042566319
   61  0.011229835795 -0.015674844562
   62  0.006656812107 -0.012083917183
   63  0.003253782273 -0.008272655708
   64  0.001032024381 -0.004243823439
   65  0.000000000000  0.000000000000
   66  0.000172519414  0.004364187136
   67  0.001561491054  0.008752733862
   68  0.004166677928  0.013158944441
   69  0.007984883802  0.017573241181
   70  0.013009923058  0.021983308138
   71  0.019232589325  0.026374289954
   72  0.026640624827  0.030729041018
   73  0.035218692754  0.035028418959
   74  0.044948355227  0.039251615476
   75  0.055808059553  0.043376516719
   76  0.067773135484  0.047380084862
   77  0.080815806037  0.051238752182
   78  0.094905214195  0.054928818835
   79  0.110007467416  0.058426845734
   80  0.126085701424  0.061710034259
   81  0.143100164188  0.064756585218
   82  0.161008320419  0.067546030240
   83  0.179764976310  0.070059529814
   84  0.199322423621  0.072280133293
   85  0.219630601663  0.074192997442
   86  0.240637275257  0.075785561356
   87  0.262288226287  0.077047676917
   88  0.284527456223  0.077971695198
   89  0.307297396740  0.078552510424
   90  0.330539125533  0.078787564193
   91  0.354192584462  0.078676813560
   92  0.378196797314  0.078222667367
   93  0.402470503772  0.077430322903
   94  0.426801659740  0.076355785832
   95  0.451304105249  0.075042836522
   96  0.475917451022  0.073503666685
   97  0.500581189147  0.071751467716
   98  0.525234850217  0.069800280173
   99  0.549818156656  0.067664854149
  100  0.574271172179  0.065360523399
  101  0.598534447424  0.062903095139
  102  0.622549161876  0.060308756519
  103  0.646257262216  0.057593997822
  104  0.669601597236  0.054775551543
  105  0.692526049426  0.051870345707
  106  0.714975663263  0.048895469071
  107  0.736896770165  0.045868145315
  108  0.758237109982  0.042805712921
  109  0.778945948787  0.039725607215
  110  0.798974192667  0.036645341001
  111  0.818274497122  0.033582480355
  112  0.836801371628  0.030554612435
  113  0.854511278906  0.027579302615
  114  0.871362728439  0.024674038848
  115  0.887316363776  0.021856161802
  116  0.902335043282  0.019142780136
  117  0.916383914016  0.016550670993
  118  0.929430478569  0.014096166657
  119  0.941444654790  0.011795029036
  120  0.952398828451  0.009662314359
  121  0.962267899051  0.007712231077
  122  0.971029319053  0.005957994434
  123  0.978663126957  0.004411681555
  124  0.985151974681  0.003084091053
  125  0.990481149795  0.001984611230
  126  0.994638593143  0.001121100772
  127  0.997614912390  0.000499785597
  128  0.999403391994  0.000125175039
  129  1.000000000000 -0.000000000000
